SRBF32CTH01T01 19587 NaN NaN NaN NaN NaN NaN NaN NaN NaN NaN NaN NaN NaN NaN NaN
SRBF32CTH01T02 19376 NaN NaN NaN NaN NaN NaN NaN NaN NaN NaN NaN NaN NaN NaN NaN
SRBF32CTH01T03 19198 NaN NaN NaN NaN NaN NaN NaN NaN NaN NaN NaN NaN NaN NaN NaN
SRBF32CTH01T04 18725 NaN NaN NaN NaN NaN NaN NaN NaN NaN NaN NaN NaN NaN NaN NaN
SRBF32CTH01T05 19061 NaN NaN NaN NaN NaN NaN NaN NaN NaN NaN NaN NaN NaN NaN NaN
SRBF32CTH01T06 19478 NaN NaN NaN NaN NaN NaN NaN NaN NaN NaN NaN NaN NaN NaN NaN
SRBF32CTH01T07 18992 NaN NaN NaN NaN NaN NaN NaN NaN NaN NaN NaN NaN NaN NaN NaN
SRBF32CTH01T08 19165 NaN NaN NaN NaN NaN NaN NaN NaN NaN NaN NaN NaN NaN NaN NaN
SRBF32CTH01T09 17797 NaN NaN NaN NaN NaN NaN NaN NaN NaN NaN NaN NaN NaN NaN NaN
SRBF32CTH01T10 19669 NaN NaN NaN NaN NaN NaN NaN NaN NaN NaN NaN NaN NaN NaN NaN
SRBF32CTH02T01 9174 9214 NaN NaN NaN NaN NaN NaN NaN NaN NaN NaN NaN NaN NaN NaN
SRBF32CTH02T02 8854 8872 NaN NaN NaN NaN NaN NaN NaN NaN NaN NaN NaN NaN NaN NaN
SRBF32CTH02T03 9127 9185 NaN NaN NaN NaN NaN NaN NaN NaN NaN NaN NaN NaN NaN NaN
SRBF32CTH02T04 9225 9189 NaN NaN NaN NaN NaN NaN NaN NaN NaN NaN NaN NaN NaN NaN
SRBF32CTH02T05 8871 8950 NaN NaN NaN NaN NaN NaN NaN NaN NaN NaN NaN NaN NaN NaN
SRBF32CTH02T06 8855 8780 NaN NaN NaN NaN NaN NaN NaN NaN NaN NaN NaN NaN NaN NaN
SRBF32CTH02T07 8845 9034 NaN NaN NaN NaN NaN NaN NaN NaN NaN NaN NaN NaN NaN NaN
SRBF32CTH02T08 9057 8960 NaN NaN NaN NaN NaN NaN NaN NaN NaN NaN NaN NaN NaN NaN
SRBF32CTH02T09 9258 9210 NaN NaN NaN NaN NaN NaN NaN NaN NaN NaN NaN NaN NaN NaN
SRBF32CTH02T10 8999 9000 NaN NaN NaN NaN NaN NaN NaN NaN NaN NaN NaN NaN NaN NaN
SRBF32CTH04T01 4486 4502 4458 4462 NaN NaN NaN NaN NaN NaN NaN NaN NaN NaN NaN NaN
SRBF32CTH04T02 4397 4385 4428 4473 NaN NaN NaN NaN NaN NaN NaN NaN NaN NaN NaN NaN
SRBF32CTH04T03 4312 4360 4362 4344 NaN NaN NaN NaN NaN NaN NaN NaN NaN NaN NaN NaN
SRBF32CTH04T04 4379 4395 4373 4392 NaN NaN NaN NaN NaN NaN NaN NaN NaN NaN NaN NaN
SRBF32CTH04T05 4530 4534 4501 4540 NaN NaN NaN NaN NaN NaN NaN NaN NaN NaN NaN NaN
SRBF32CTH04T06 4397 4424 4404 4449 NaN NaN NaN NaN NaN NaN NaN NaN NaN NaN NaN NaN
SRBF32CTH04T07 4386 4366 4428 4332 NaN NaN NaN NaN NaN NaN NaN NaN NaN NaN NaN NaN
SRBF32CTH04T08 4269 4350 4298 4304 NaN NaN NaN NaN NaN NaN NaN NaN NaN NaN NaN NaN
SRBF32CTH04T09 4469 4567 4527 4513 NaN NaN NaN NaN NaN NaN NaN NaN NaN NaN NaN NaN
SRBF32CTH04T10 4502 4472 4569 4484 NaN NaN NaN NaN NaN NaN NaN NaN NaN NaN NaN NaN
SRBF32CTH08T01 2052 2079 2066 2049 2054 2053 2067 2042 NaN NaN NaN NaN NaN NaN NaN NaN
SRBF32CTH08T02 2081 2092 2081 2081 2102 2102 2077 2130 NaN NaN NaN NaN NaN NaN NaN NaN
SRBF32CTH08T03 2104 2096 2138 2103 2092 2086 2087 2099 NaN NaN NaN NaN NaN NaN NaN NaN
SRBF32CTH08T04 2018 2023 2014 1992 2010 2025 1996 2022 NaN NaN NaN NaN NaN NaN NaN NaN
SRBF32CTH08T05 2132 2066 2075 2076 2071 2087 2082 2072 NaN NaN NaN NaN NaN NaN NaN NaN
SRBF32CTH08T06 2086 2108 2125 2088 2117 2112 2115 2116 NaN NaN NaN NaN NaN NaN NaN NaN
SRBF32CTH08T07 2024 2013 2032 2038 2029 2028 2033 2030 NaN NaN NaN NaN NaN NaN NaN NaN
SRBF32CTH08T08 2008 2053 1999 2009 2015 2048 2001 1999 NaN NaN NaN NaN NaN NaN NaN NaN
SRBF32CTH08T09 2094 2081 2066 2088 2068 2093 2064 2065 NaN NaN NaN NaN NaN NaN NaN NaN
SRBF32CTH08T10 2090 2107 2060 2067 2068 2081 2098 2068 NaN NaN NaN NaN NaN NaN NaN NaN
SRBF32CTH16T01 864 862 868 861 866 874 883 870 864 865 871 861 887 859 863 928
SRBF32CTH16T02 826 832 846 836 831 837 826 829 832 838 830 843 833 833 829 830
SRBF32CTH16T03 839 833 835 836 855 840 838 835 833 858 854 839 834 837 844 834
SRBF32CTH16T04 842 853 835 841 839 838 854 842 837 869 845 837 835 835 840 842
SRBF32CTH16T05 827 835 830 834 828 829 828 843 853 851 834 829 835 832 829 854
SRBF32CTH16T06 814 834 818 835 814 815 822 826 816 825 817 834 818 813 815 812
SRBF32CTH16T07 816 810 830 812 816 818 822 820 837 818 822 812 810 835 810 816
SRBF32CTH16T08 716 714 719 771 751 750 735 736 743 740 734 746 794 754 736 746
SRBF32CTH16T09 862 872 863 868 891 881 871 874 875 865 866 863 870 873 864 868
SRBF32CTH16T10 879 874 881 892 877 876 885 878 897 874 919 879 883 880 873 1003
SWBF32CTH01T01 16965 NaN NaN NaN NaN NaN NaN NaN NaN NaN NaN NaN NaN NaN NaN NaN
SWBF32CTH01T02 16992 NaN NaN NaN NaN NaN NaN NaN NaN NaN NaN NaN NaN NaN NaN NaN
SWBF32CTH01T03 16490 NaN NaN NaN NaN NaN NaN NaN NaN NaN NaN NaN NaN NaN NaN NaN
SWBF32CTH01T04 16194 NaN NaN NaN NaN NaN NaN NaN NaN NaN NaN NaN NaN NaN NaN NaN
SWBF32CTH01T05 15907 NaN NaN NaN NaN NaN NaN NaN NaN NaN NaN NaN NaN NaN NaN NaN
SWBF32CTH01T06 16201 NaN NaN NaN NaN NaN NaN NaN NaN NaN NaN NaN NaN NaN NaN NaN
SWBF32CTH01T07 15993 NaN NaN NaN NaN NaN NaN NaN NaN NaN NaN NaN NaN NaN NaN NaN
SWBF32CTH01T08 15866 NaN NaN NaN NaN NaN NaN NaN NaN NaN NaN NaN NaN NaN NaN NaN
SWBF32CTH01T09 14876 NaN NaN NaN NaN NaN NaN NaN NaN NaN NaN NaN NaN NaN NaN NaN
SWBF32CTH01T10 16444 NaN NaN NaN NaN NaN NaN NaN NaN NaN NaN NaN NaN NaN NaN NaN
SWBF32CTH02T01 8209 8349 NaN NaN NaN NaN NaN NaN NaN NaN NaN NaN NaN NaN NaN NaN
SWBF32CTH02T02 8057 8033 NaN NaN NaN NaN NaN NaN NaN NaN NaN NaN NaN NaN NaN NaN
SWBF32CTH02T03 8136 8393 NaN NaN NaN NaN NaN NaN NaN NaN NaN NaN NaN NaN NaN NaN
SWBF32CTH02T04 8214 8386 NaN NaN NaN NaN NaN NaN NaN NaN NaN NaN NaN NaN NaN NaN
SWBF32CTH02T05 8322 8252 NaN NaN NaN NaN NaN NaN NaN NaN NaN NaN NaN NaN NaN NaN
SWBF32CTH02T06 7908 7909 NaN NaN NaN NaN NaN NaN NaN NaN NaN NaN NaN NaN NaN NaN
SWBF32CTH02T07 8213 8154 NaN NaN NaN NaN NaN NaN NaN NaN NaN NaN NaN NaN NaN NaN
SWBF32CTH02T08 8355 8102 NaN NaN NaN NaN NaN NaN NaN NaN NaN NaN NaN NaN NaN NaN
SWBF32CTH02T09 8203 8083 NaN NaN NaN NaN NaN NaN NaN NaN NaN NaN NaN NaN NaN NaN
SWBF32CTH02T10 7956 7959 NaN NaN NaN NaN NaN NaN NaN NaN NaN NaN NaN NaN NaN NaN
SWBF32CTH04T01 4013 4059 4003 4138 NaN NaN NaN NaN NaN NaN NaN NaN NaN NaN NaN NaN
SWBF32CTH04T02 4123 4221 4158 4115 NaN NaN NaN NaN NaN NaN NaN NaN NaN NaN NaN NaN
SWBF32CTH04T03 4089 4046 4039 4081 NaN NaN NaN NaN NaN NaN NaN NaN NaN NaN NaN NaN
SWBF32CTH04T04 3872 3904 3858 3926 NaN NaN NaN NaN NaN NaN NaN NaN NaN NaN NaN NaN
SWBF32CTH04T05 4063 4048 4083 4144 NaN NaN NaN NaN NaN NaN NaN NaN NaN NaN NaN NaN
SWBF32CTH04T06 4027 4051 4188 4139 NaN NaN NaN NaN NaN NaN NaN NaN NaN NaN NaN NaN
SWBF32CTH04T07 4054 4064 4033 4005 NaN NaN NaN NaN NaN NaN NaN NaN NaN NaN NaN NaN
SWBF32CTH04T08 4093 4134 4216 4105 NaN NaN NaN NaN NaN NaN NaN NaN NaN NaN NaN NaN
SWBF32CTH04T09 4145 4143 4085 4074 NaN NaN NaN NaN NaN NaN NaN NaN NaN NaN NaN NaN
SWBF32CTH04T10 4033 4103 4038 4065 NaN NaN NaN NaN NaN NaN NaN NaN NaN NaN NaN NaN
SWBF32CTH08T01 2043 2004 1999 2011 1995 2003 2001 2033 NaN NaN NaN NaN NaN NaN NaN NaN
SWBF32CTH08T02 2023 2033 2033 2022 2035 2076 2032 2022 NaN NaN NaN NaN NaN NaN NaN NaN
SWBF32CTH08T03 2042 1997 2023 2000 2009 2001 2003 2012 NaN NaN NaN NaN NaN NaN NaN NaN
SWBF32CTH08T04 2056 2035 2084 2058 2082 2073 2042 2047 NaN NaN NaN NaN NaN NaN NaN NaN
SWBF32CTH08T05 2002 1978 2048 1996 1971 1981 1986 1976 NaN NaN NaN NaN NaN NaN NaN NaN
SWBF32CTH08T06 2021 2021 2005 2019 2025 2063 2032 2006 NaN NaN NaN NaN NaN NaN NaN NaN
SWBF32CTH08T07 2019 2006 2039 2043 2008 2022 2006 2033 NaN NaN NaN NaN NaN NaN NaN NaN
SWBF32CTH08T08 1978 1982 1974 1979 1976 1981 2007 2013 NaN NaN NaN NaN NaN NaN NaN NaN
SWBF32CTH08T09 1983 2017 1990 1989 1986 2009 2000 1991 NaN NaN NaN NaN NaN NaN NaN NaN
SWBF32CTH08T10 2011 2013 2014 2023 2020 2014 2042 2013 NaN NaN NaN NaN NaN NaN NaN NaN
SWBF32CTH16T01 1000 1002 1001 996 998 995 993 998 991 1004 998 993 998 997 995 999
SWBF32CTH16T02 1001 999 1002 1004 1001 999 997 997 1013 1002 997 1003 1004 996 1034 1019
SWBF32CTH16T03 1023 996 990 990 996 1011 992 993 1003 999 995 991 1008 1006 992 991
SWBF32CTH16T04 997 994 994 1003 1005 1000 996 994 995 995 1020 1006 996 995 993 1024
SWBF32CTH16T05 991 1016 993 992 998 994 996 1010 992 993 992 994 992 991 990 993
SWBF32CTH16T06 1000 996 1022 1002 999 1007 1014 1006 997 997 1004 1000 994 1025 1009 995
SWBF32CTH16T07 988 992 1043 991 1009 995 993 997 989 996 1002 990 992 1015 989 989
SWBF32CTH16T08 984 984 986 995 996 980 985 988 990 981 983 1007 982 992 979 982
SWBF32CTH16T09 1009 1010 1011 1002 1000 1000 1019 1000 999 1008 1018 1002 1014 1000 1014 1003
SWBF32CTH16T10 994 997 993 1007 993 1004 988 992 990 994 991 990 995 1008 1001 1032
SR01VM01CTH01T01 7052 NaN NaN NaN NaN NaN NaN NaN NaN NaN NaN NaN NaN NaN NaN NaN
SR01VM01CTH01T02 7385 NaN NaN NaN NaN NaN NaN NaN NaN NaN NaN NaN NaN NaN NaN NaN
SR01VM01CTH01T03 7480 NaN NaN NaN NaN NaN NaN NaN NaN NaN NaN NaN NaN NaN NaN NaN
SR01VM01CTH01T04 7894 NaN NaN NaN NaN NaN NaN NaN NaN NaN NaN NaN NaN NaN NaN NaN
SR01VM01CTH01T05 7350 NaN NaN NaN NaN NaN NaN NaN NaN NaN NaN NaN NaN NaN NaN NaN
SR01VM01CTH01T06 7231 NaN NaN NaN NaN NaN NaN NaN NaN NaN NaN NaN NaN NaN NaN NaN
SR01VM01CTH01T07 7192 NaN NaN NaN NaN NaN NaN NaN NaN NaN NaN NaN NaN NaN NaN NaN
SR01VM01CTH01T08 7111 NaN NaN NaN NaN NaN NaN NaN NaN NaN NaN NaN NaN NaN NaN NaN
SR01VM01CTH01T09 7146 NaN NaN NaN NaN NaN NaN NaN NaN NaN NaN NaN NaN NaN NaN NaN
SR01VM01CTH01T10 7153 NaN NaN NaN NaN NaN NaN NaN NaN NaN NaN NaN NaN NaN NaN NaN
SR01VM01CTH02T01 3791 3732 NaN NaN NaN NaN NaN NaN NaN NaN NaN NaN NaN NaN NaN NaN
SR01VM01CTH02T02 3751 7146 NaN NaN NaN NaN NaN NaN NaN NaN NaN NaN NaN NaN NaN NaN
SR01VM01CTH02T03 3843 3714 NaN NaN NaN NaN NaN NaN NaN NaN NaN NaN NaN NaN NaN NaN
SR01VM01CTH02T04 4758 3768 NaN NaN NaN NaN NaN NaN NaN NaN NaN NaN NaN NaN NaN NaN
SR01VM01CTH02T05 3728 3875 NaN NaN NaN NaN NaN NaN NaN NaN NaN NaN NaN NaN NaN NaN
SR01VM01CTH02T06 4478 3920 NaN NaN NaN NaN NaN NaN NaN NaN NaN NaN NaN NaN NaN NaN
SR01VM01CTH02T07 3543 5635 NaN NaN NaN NaN NaN NaN NaN NaN NaN NaN NaN NaN NaN NaN
SR01VM01CTH02T08 5057 3469 NaN NaN NaN NaN NaN NaN NaN NaN NaN NaN NaN NaN NaN NaN
SR01VM01CTH02T09 3567 5234 NaN NaN NaN NaN NaN NaN NaN NaN NaN NaN NaN NaN NaN NaN
SR01VM01CTH02T10 5589 3560 NaN NaN NaN NaN NaN NaN NaN NaN NaN NaN NaN NaN NaN NaN
SR01VM01CTH04T01 3817 2901 1962 1962 NaN NaN NaN NaN NaN NaN NaN NaN NaN NaN NaN NaN
SR01VM01CTH04T02 1896 2135 4856 2347 NaN NaN NaN NaN NaN NaN NaN NaN NaN NaN NaN NaN
SR01VM01CTH04T03 2498 2586 2647 2750 NaN NaN NaN NaN NaN NaN NaN NaN NaN NaN NaN NaN
SR01VM01CTH04T04 1926 2493 4814 2914 NaN NaN NaN NaN NaN NaN NaN NaN NaN NaN NaN NaN
SR01VM01CTH04T05 2141 2344 2377 2120 NaN NaN NaN NaN NaN NaN NaN NaN NaN NaN NaN NaN
SR01VM01CTH04T06 2389 2874 2426 1930 NaN NaN NaN NaN NaN NaN NaN NaN NaN NaN NaN NaN
SR01VM01CTH04T07 1895 1770 1793 2125 NaN NaN NaN NaN NaN NaN NaN NaN NaN NaN NaN NaN
SR01VM01CTH04T08 2663 2787 2781 2598 NaN NaN NaN NaN NaN NaN NaN NaN NaN NaN NaN NaN
SR01VM01CTH04T09 1869 1881 2078 3267 NaN NaN NaN NaN NaN NaN NaN NaN NaN NaN NaN NaN
SR01VM01CTH04T10 4125 3383 2088 1999 NaN NaN NaN NaN NaN NaN NaN NaN NaN NaN NaN NaN
SR01VM01CTH08T01 2277 1881 2215 963 1000 992 949 1002 NaN NaN NaN NaN NaN NaN NaN NaN
SR01VM01CTH08T02 1027 1061 1073 1104 1150 1088 1127 1014 NaN NaN NaN NaN NaN NaN NaN NaN
SR01VM01CTH08T03 2262 1936 1940 1351 970 992 981 988 NaN NaN NaN NaN NaN NaN NaN NaN
SR01VM01CTH08T04 945 993 2281 1252 1526 2750 1489 1179 NaN NaN NaN NaN NaN NaN NaN NaN
SR01VM01CTH08T05 965 989 994 921 996 1001 930 956 NaN NaN NaN NaN NaN NaN NaN NaN
SR01VM01CTH08T06 947 950 1426 1221 1807 3101 1669 1353 NaN NaN NaN NaN NaN NaN NaN NaN
SR01VM01CTH08T07 933 997 948 992 943 1082 938 1162 NaN NaN NaN NaN NaN NaN NaN NaN
SR01VM01CTH08T08 1416 1001 2056 2423 1238 1153 1042 931 NaN NaN NaN NaN NaN NaN NaN NaN
SR01VM01CTH08T09 941 997 1108 1096 1127 1041 999 1005 NaN NaN NaN NaN NaN NaN NaN NaN
SR01VM01CTH08T10 1198 1081 1582 1929 1423 1092 1854 1028 NaN NaN NaN NaN NaN NaN NaN NaN
SR01VM01CTH16T01 545 581 616 579 554 584 582 627 613 605 576 580 547 541 528 1266
SR01VM01CTH16T02 484 480 525 476 503 499 525 472 472 651 1069 942 1040 1031 1207 1603
SR01VM01CTH16T03 482 517 595 455 532 564 405 447 451 440 437 434 410 387 393 392
SR01VM01CTH16T04 479 524 483 519 485 500 521 520 511 544 764 1648 1191 2019 1319 2876
SR01VM01CTH16T05 1196 715 952 1003 741 1493 761 637 486 487 510 491 485 489 488 544
SR01VM01CTH16T06 491 454 474 763 587 618 496 574 1142 2757 917 883 831 709 459 579
SR01VM01CTH16T07 441 453 440 427 426 423 422 430 436 546 518 500 515 430 453 2166
SR01VM01CTH16T08 453 454 463 469 504 514 501 525 523 510 511 501 463 462 452 452
SR01VM01CTH16T09 472 463 477 491 512 542 547 527 487 506 519 533 468 467 461 1959
SR01VM01CTH16T10 903 688 639 742 1396 504 805 617 1023 1395 672 676 1748 516 498 577
SW01VM01CTH01T01 5894 NaN NaN NaN NaN NaN NaN NaN NaN NaN NaN NaN NaN NaN NaN NaN
SW01VM01CTH01T02 5711 NaN NaN NaN NaN NaN NaN NaN NaN NaN NaN NaN NaN NaN NaN NaN
SW01VM01CTH01T03 5944 NaN NaN NaN NaN NaN NaN NaN NaN NaN NaN NaN NaN NaN NaN NaN
SW01VM01CTH01T04 5928 NaN NaN NaN NaN NaN NaN NaN NaN NaN NaN NaN NaN NaN NaN NaN
SW01VM01CTH01T05 6452 NaN NaN NaN NaN NaN NaN NaN NaN NaN NaN NaN NaN NaN NaN NaN
SW01VM01CTH01T06 5886 NaN NaN NaN NaN NaN NaN NaN NaN NaN NaN NaN NaN NaN NaN NaN
SW01VM01CTH01T07 5744 NaN NaN NaN NaN NaN NaN NaN NaN NaN NaN NaN NaN NaN NaN NaN
SW01VM01CTH01T08 5863 NaN NaN NaN NaN NaN NaN NaN NaN NaN NaN NaN NaN NaN NaN NaN
SW01VM01CTH01T09 5570 NaN NaN NaN NaN NaN NaN NaN NaN NaN NaN NaN NaN NaN NaN NaN
SW01VM01CTH01T10 5863 NaN NaN NaN NaN NaN NaN NaN NaN NaN NaN NaN NaN NaN NaN NaN
SW01VM01CTH02T01 1076 1076 NaN NaN NaN NaN NaN NaN NaN NaN NaN NaN NaN NaN NaN NaN
SW01VM01CTH02T02 1077 1076 NaN NaN NaN NaN NaN NaN NaN NaN NaN NaN NaN NaN NaN NaN
SW01VM01CTH02T03 1922 1922 NaN NaN NaN NaN NaN NaN NaN NaN NaN NaN NaN NaN NaN NaN
SW01VM01CTH02T04 1089 1089 NaN NaN NaN NaN NaN NaN NaN NaN NaN NaN NaN NaN NaN NaN
SW01VM01CTH02T05 1059 1059 NaN NaN NaN NaN NaN NaN NaN NaN NaN NaN NaN NaN NaN NaN
SW01VM01CTH02T06 1097 1097 NaN NaN NaN NaN NaN NaN NaN NaN NaN NaN NaN NaN NaN NaN
SW01VM01CTH02T07 1678 1679 NaN NaN NaN NaN NaN NaN NaN NaN NaN NaN NaN NaN NaN NaN
SW01VM01CTH02T08 1613 1612 NaN NaN NaN NaN NaN NaN NaN NaN NaN NaN NaN NaN NaN NaN
SW01VM01CTH02T09 1594 1595 NaN NaN NaN NaN NaN NaN NaN NaN NaN NaN NaN NaN NaN NaN
SW01VM01CTH02T10 4336 4339 NaN NaN NaN NaN NaN NaN NaN NaN NaN NaN NaN NaN NaN NaN
SW01VM01CTH04T01 3346 3342 3344 3345 NaN NaN NaN NaN NaN NaN NaN NaN NaN NaN NaN NaN
SW01VM01CTH04T02 3569 3568 3568 3567 NaN NaN NaN NaN NaN NaN NaN NaN NaN NaN NaN NaN
SW01VM01CTH04T03 3789 3791 3791 3791 NaN NaN NaN NaN NaN NaN NaN NaN NaN NaN NaN NaN
SW01VM01CTH04T04 3942 3946 3944 3941 NaN NaN NaN NaN NaN NaN NaN NaN NaN NaN NaN NaN
SW01VM01CTH04T05 3843 3842 3843 3839 NaN NaN NaN NaN NaN NaN NaN NaN NaN NaN NaN NaN
SW01VM01CTH04T06 3762 3763 3762 3764 NaN NaN NaN NaN NaN NaN NaN NaN NaN NaN NaN NaN
SW01VM01CTH04T07 3954 3955 3956 3957 NaN NaN NaN NaN NaN NaN NaN NaN NaN NaN NaN NaN
SW01VM01CTH04T08 3741 3742 3744 3743 NaN NaN NaN NaN NaN NaN NaN NaN NaN NaN NaN NaN
SW01VM01CTH04T09 3556 3558 3558 3557 NaN NaN NaN NaN NaN NaN NaN NaN NaN NaN NaN NaN
SW01VM01CTH04T10 4133 4128 4132 4125 NaN NaN NaN NaN NaN NaN NaN NaN NaN NaN NaN NaN
SW01VM01CTH08T01 1933 1933 1934 1933 1931 1931 1932 1932 NaN NaN NaN NaN NaN NaN NaN NaN
SW01VM01CTH08T02 1919 1920 1920 1920 1921 1918 1921 1920 NaN NaN NaN NaN NaN NaN NaN NaN
SW01VM01CTH08T03 1713 1713 1713 1713 1714 1714 1714 1713 NaN NaN NaN NaN NaN NaN NaN NaN
SW01VM01CTH08T04 1786 1786 1787 1786 1785 1787 1786 1787 NaN NaN NaN NaN NaN NaN NaN NaN
SW01VM01CTH08T05 1908 1910 1909 1912 1911 1908 1909 1908 NaN NaN NaN NaN NaN NaN NaN NaN
SW01VM01CTH08T06 1917 1915 1916 1919 1916 1915 1920 1915 NaN NaN NaN NaN NaN NaN NaN NaN
SW01VM01CTH08T07 1888 1889 1888 1888 1888 1889 1888 1889 NaN NaN NaN NaN NaN NaN NaN NaN
SW01VM01CTH08T08 1924 1925 1926 1926 1925 1928 1925 1927 NaN NaN NaN NaN NaN NaN NaN NaN
SW01VM01CTH08T09 1925 1925 1927 1926 1926 1926 1926 1926 NaN NaN NaN NaN NaN NaN NaN NaN
SW01VM01CTH08T10 1977 1977 1977 1977 1977 1977 1977 1977 NaN NaN NaN NaN NaN NaN NaN NaN
SW01VM01CTH16T01 866 866 866 866 867 866 865 866 867 867 864 866 866 867 867 866
SW01VM01CTH16T02 805 809 805 807 805 806 805 805 806 805 805 805 805 806 806 805
SW01VM01CTH16T03 946 948 946 946 947 946 949 948 948 946 948 947 947 946 962 947
SW01VM01CTH16T04 950 946 945 947 947 947 946 945 945 946 944 948 946 945 945 945
SW01VM01CTH16T05 807 809 806 807 798 797 807 806 806 808 807 806 807 806 807 807
SW01VM01CTH16T06 882 880 882 879 879 880 880 880 880 873 873 885 880 881 880 881
SW01VM01CTH16T07 928 927 928 928 928 927 932 927 927 931 927 927 930 927 927 928
SW01VM01CTH16T08 924 925 924 923 926 925 987 924 925 927 924 924 925 964 924 924
SW01VM01CTH16T09 897 894 893 893 892 894 892 892 893 895 893 892 893 892 892 893
SW01VM01CTH16T10 970 969 969 969 960 960 971 971 973 971 969 970 973 971 970 970
SR01VM02CTH01T01 6822 NaN NaN NaN NaN NaN NaN NaN NaN NaN NaN NaN NaN NaN NaN NaN
SR01VM02CTH01T02 6584 NaN NaN NaN NaN NaN NaN NaN NaN NaN NaN NaN NaN NaN NaN NaN
SR01VM02CTH01T03 6850 NaN NaN NaN NaN NaN NaN NaN NaN NaN NaN NaN NaN NaN NaN NaN
SR01VM02CTH01T04 6797 NaN NaN NaN NaN NaN NaN NaN NaN NaN NaN NaN NaN NaN NaN NaN
SR01VM02CTH01T05 6409 NaN NaN NaN NaN NaN NaN NaN NaN NaN NaN NaN NaN NaN NaN NaN
SR01VM02CTH01T06 6086 NaN NaN NaN NaN NaN NaN NaN NaN NaN NaN NaN NaN NaN NaN NaN
SR01VM02CTH01T07 6197 NaN NaN NaN NaN NaN NaN NaN NaN NaN NaN NaN NaN NaN NaN NaN
SR01VM02CTH01T08 6293 NaN NaN NaN NaN NaN NaN NaN NaN NaN NaN NaN NaN NaN NaN NaN
SR01VM02CTH01T09 6071 NaN NaN NaN NaN NaN NaN NaN NaN NaN NaN NaN NaN NaN NaN NaN
SR01VM02CTH01T10 6158 NaN NaN NaN NaN NaN NaN NaN NaN NaN NaN NaN NaN NaN NaN NaN
SR01VM02CTH02T01 5345 3399 NaN NaN NaN NaN NaN NaN NaN NaN NaN NaN NaN NaN NaN NaN
SR01VM02CTH02T02 3522 4336 NaN NaN NaN NaN NaN NaN NaN NaN NaN NaN NaN NaN NaN NaN
SR01VM02CTH02T03 5208 3433 NaN NaN NaN NaN NaN NaN NaN NaN NaN NaN NaN NaN NaN NaN
SR01VM02CTH02T04 2976 5341 NaN NaN NaN NaN NaN NaN NaN NaN NaN NaN NaN NaN NaN NaN
SR01VM02CTH02T05 2915 3191 NaN NaN NaN NaN NaN NaN NaN NaN NaN NaN NaN NaN NaN NaN
SR01VM02CTH02T06 3150 3969 NaN NaN NaN NaN NaN NaN NaN NaN NaN NaN NaN NaN NaN NaN
SR01VM02CTH02T07 3902 3129 NaN NaN NaN NaN NaN NaN NaN NaN NaN NaN NaN NaN NaN NaN
SR01VM02CTH02T08 3123 3540 NaN NaN NaN NaN NaN NaN NaN NaN NaN NaN NaN NaN NaN NaN
SR01VM02CTH02T09 3530 3213 NaN NaN NaN NaN NaN NaN NaN NaN NaN NaN NaN NaN NaN NaN
SR01VM02CTH02T10 3198 4261 NaN NaN NaN NaN NaN NaN NaN NaN NaN NaN NaN NaN NaN NaN
SR01VM02CTH04T01 3292 2358 2018 1780 NaN NaN NaN NaN NaN NaN NaN NaN NaN NaN NaN NaN
SR01VM02CTH04T02 1855 1829 1807 3389 NaN NaN NaN NaN NaN NaN NaN NaN NaN NaN NaN NaN
SR01VM02CTH04T03 2256 2977 1889 1950 NaN NaN NaN NaN NaN NaN NaN NaN NaN NaN NaN NaN
SR01VM02CTH04T04 2529 2723 2635 2596 NaN NaN NaN NaN NaN NaN NaN NaN NaN NaN NaN NaN
SR01VM02CTH04T05 2514 2583 2477 2344 NaN NaN NaN NaN NaN NaN NaN NaN NaN NaN NaN NaN
SR01VM02CTH04T06 2844 3041 2733 2252 NaN NaN NaN NaN NaN NaN NaN NaN NaN NaN NaN NaN
SR01VM02CTH04T07 1745 1717 2062 2651 NaN NaN NaN NaN NaN NaN NaN NaN NaN NaN NaN NaN
SR01VM02CTH04T08 2633 2724 2685 2586 NaN NaN NaN NaN NaN NaN NaN NaN NaN NaN NaN NaN
SR01VM02CTH04T09 2319 2417 2342 2458 NaN NaN NaN NaN NaN NaN NaN NaN NaN NaN NaN NaN
SR01VM02CTH04T10 2708 2993 2447 2094 NaN NaN NaN NaN NaN NaN NaN NaN NaN NaN NaN NaN
SR01VM02CTH08T01 1323 1428 966 1072 1259 1468 939 924 NaN NaN NaN NaN NaN NaN NaN NaN
SR01VM02CTH08T02 935 889 943 952 1013 926 1010 915 NaN NaN NaN NaN NaN NaN NaN NaN
SR01VM02CTH08T03 1483 1630 1715 1642 1632 1606 1109 1173 NaN NaN NaN NaN NaN NaN NaN NaN
SR01VM02CTH08T04 1216 1249 1260 1286 1379 1275 1281 1142 NaN NaN NaN NaN NaN NaN NaN NaN
SR01VM02CTH08T05 587 608 578 569 584 603 669 1444 NaN NaN NaN NaN NaN NaN NaN NaN
SR01VM02CTH08T06 1057 1050 1681 1660 1695 1682 1525 1825 NaN NaN NaN NaN NaN NaN NaN NaN
SR01VM02CTH08T07 1557 1714 1794 1763 1670 1673 1299 1284 NaN NaN NaN NaN NaN NaN NaN NaN
SR01VM02CTH08T08 1148 1169 1175 1238 1258 1202 1202 1078 NaN NaN NaN NaN NaN NaN NaN NaN
SR01VM02CTH08T09 628 607 586 610 640 599 966 1220 NaN NaN NaN NaN NaN NaN NaN NaN
SR01VM02CTH08T10 1200 1478 1479 1524 1507 1535 1496 1900 NaN NaN NaN NaN NaN NaN NaN NaN
SR01VM02CTH16T01 498 498 506 530 542 530 526 540 552 561 552 538 507 518 516 495
SR01VM02CTH16T02 1078 2780 1018 468 453 447 441 452 481 469 499 579 493 454 451 498
SR01VM02CTH16T03 474 542 456 756 819 549 633 690 725 557 490 1004 1248 655 606 800
SR01VM02CTH16T04 654 637 647 649 658 624 581 705 710 641 759 710 691 707 638 3680
SR01VM02CTH16T05 546 540 565 581 563 601 579 572 603 612 572 567 562 558 559 521
SR01VM02CTH16T06 589 603 603 607 641 643 657 634 653 624 658 660 622 599 600 607
SR01VM02CTH16T07 526 270 277 299 310 299 292 281 266 271 282 291 303 283 310 4063
SR01VM02CTH16T08 653 651 654 649 658 627 720 783 769 765 776 767 772 695 660 3444
SR01VM02CTH16T09 588 608 630 629 621 634 636 655 652 669 629 621 616 623 568 2330
SR01VM02CTH16T10 653 662 651 690 706 696 720 685 693 734 707 696 654 653 651 2173
SW01VM02CTH01T01 5495 NaN NaN NaN NaN NaN NaN NaN NaN NaN NaN NaN NaN NaN NaN NaN
SW01VM02CTH01T02 5673 NaN NaN NaN NaN NaN NaN NaN NaN NaN NaN NaN NaN NaN NaN NaN
SW01VM02CTH01T03 5693 NaN NaN NaN NaN NaN NaN NaN NaN NaN NaN NaN NaN NaN NaN NaN
SW01VM02CTH01T04 5533 NaN NaN NaN NaN NaN NaN NaN NaN NaN NaN NaN NaN NaN NaN NaN
SW01VM02CTH01T05 5266 NaN NaN NaN NaN NaN NaN NaN NaN NaN NaN NaN NaN NaN NaN NaN
SW01VM02CTH01T06 5243 NaN NaN NaN NaN NaN NaN NaN NaN NaN NaN NaN NaN NaN NaN NaN
SW01VM02CTH01T07 5154 NaN NaN NaN NaN NaN NaN NaN NaN NaN NaN NaN NaN NaN NaN NaN
SW01VM02CTH01T08 5184 NaN NaN NaN NaN NaN NaN NaN NaN NaN NaN NaN NaN NaN NaN NaN
SW01VM02CTH01T09 5140 NaN NaN NaN NaN NaN NaN NaN NaN NaN NaN NaN NaN NaN NaN NaN
SW01VM02CTH01T10 5171 NaN NaN NaN NaN NaN NaN NaN NaN NaN NaN NaN NaN NaN NaN NaN
SW01VM02CTH02T01 1513 1513 NaN NaN NaN NaN NaN NaN NaN NaN NaN NaN NaN NaN NaN NaN
SW01VM02CTH02T02 1703 1702 NaN NaN NaN NaN NaN NaN NaN NaN NaN NaN NaN NaN NaN NaN
SW01VM02CTH02T03 1694 1695 NaN NaN NaN NaN NaN NaN NaN NaN NaN NaN NaN NaN NaN NaN
SW01VM02CTH02T04 4263 4261 NaN NaN NaN NaN NaN NaN NaN NaN NaN NaN NaN NaN NaN NaN
SW01VM02CTH02T05 3988 3994 NaN NaN NaN NaN NaN NaN NaN NaN NaN NaN NaN NaN NaN NaN
SW01VM02CTH02T06 3988 3990 NaN NaN NaN NaN NaN NaN NaN NaN NaN NaN NaN NaN NaN NaN
SW01VM02CTH02T07 4298 4295 NaN NaN NaN NaN NaN NaN NaN NaN NaN NaN NaN NaN NaN NaN
SW01VM02CTH02T08 4062 4055 NaN NaN NaN NaN NaN NaN NaN NaN NaN NaN NaN NaN NaN NaN
SW01VM02CTH02T09 4129 4141 NaN NaN NaN NaN NaN NaN NaN NaN NaN NaN NaN NaN NaN NaN
SW01VM02CTH02T10 4213 4213 NaN NaN NaN NaN NaN NaN NaN NaN NaN NaN NaN NaN NaN NaN
SW01VM02CTH04T01 3817 3816 3828 3814 NaN NaN NaN NaN NaN NaN NaN NaN NaN NaN NaN NaN
SW01VM02CTH04T02 3823 3841 3837 3815 NaN NaN NaN NaN NaN NaN NaN NaN NaN NaN NaN NaN
SW01VM02CTH04T03 3881 3892 3906 3900 NaN NaN NaN NaN NaN NaN NaN NaN NaN NaN NaN NaN
SW01VM02CTH04T04 3997 4000 4013 4001 NaN NaN NaN NaN NaN NaN NaN NaN NaN NaN NaN NaN
SW01VM02CTH04T05 3875 3874 3882 3876 NaN NaN NaN NaN NaN NaN NaN NaN NaN NaN NaN NaN
SW01VM02CTH04T06 3492 3494 3496 3495 NaN NaN NaN NaN NaN NaN NaN NaN NaN NaN NaN NaN
SW01VM02CTH04T07 4015 4034 4021 4018 NaN NaN NaN NaN NaN NaN NaN NaN NaN NaN NaN NaN
SW01VM02CTH04T08 4034 4034 4033 4049 NaN NaN NaN NaN NaN NaN NaN NaN NaN NaN NaN NaN
SW01VM02CTH04T09 3854 3851 3855 3849 NaN NaN NaN NaN NaN NaN NaN NaN NaN NaN NaN NaN
SW01VM02CTH04T10 3491 3494 3488 3493 NaN NaN NaN NaN NaN NaN NaN NaN NaN NaN NaN NaN
SW01VM02CTH08T01 1947 1947 1946 1950 1949 1954 1948 1950 NaN NaN NaN NaN NaN NaN NaN NaN
SW01VM02CTH08T02 1982 1982 1985 1989 1986 1985 1985 1985 NaN NaN NaN NaN NaN NaN NaN NaN
SW01VM02CTH08T03 1973 1968 1970 1966 1971 1969 1973 1976 NaN NaN NaN NaN NaN NaN NaN NaN
SW01VM02CTH08T04 1459 1459 1458 1458 1459 1460 1462 1458 NaN NaN NaN NaN NaN NaN NaN NaN
SW01VM02CTH08T05 1940 1938 1939 1947 1941 1936 1944 1939 NaN NaN NaN NaN NaN NaN NaN NaN
SW01VM02CTH08T06 1956 1951 1954 1959 1956 1957 1955 1963 NaN NaN NaN NaN NaN NaN NaN NaN
SW01VM02CTH08T07 1947 1950 1952 1954 1953 1951 1958 1955 NaN NaN NaN NaN NaN NaN NaN NaN
SW01VM02CTH08T08 1423 1420 1421 1422 1421 1421 1420 1420 NaN NaN NaN NaN NaN NaN NaN NaN
SW01VM02CTH08T09 1956 1952 1955 1949 1961 1956 1957 1958 NaN NaN NaN NaN NaN NaN NaN NaN
SW01VM02CTH08T10 1966 1967 1967 1970 1970 1965 1967 1967 NaN NaN NaN NaN NaN NaN NaN NaN
SW01VM02CTH16T01 942 937 949 937 939 940 938 944 943 940 947 941 941 937 939 938
SW01VM02CTH16T02 908 913 914 907 916 914 908 917 910 909 914 908 909 910 910 910
SW01VM02CTH16T03 919 919 925 919 919 920 925 1042 919 1029 932 921 920 921 921 920
SW01VM02CTH16T04 945 944 947 945 945 945 946 949 944 947 947 946 949 945 946 950
SW01VM02CTH16T05 952 952 953 952 956 953 951 952 951 956 952 952 953 950 952 953
SW01VM02CTH16T06 760 760 760 761 761 760 764 761 760 760 803 761 762 760 761 760
SW01VM02CTH16T07 914 915 919 915 917 917 915 979 914 914 914 916 914 914 914 918
SW01VM02CTH16T08 958 958 964 958 958 962 959 960 957 958 959 961 959 958 960 960
SW01VM02CTH16T09 944 944 946 945 948 946 946 945 946 947 947 945 944 950 946 944
SW01VM02CTH16T10 736 737 737 737 737 736 736 738 737 784 738 736 742 737 739 738
SR01VM04CTH01T01 6494 NaN NaN NaN NaN NaN NaN NaN NaN NaN NaN NaN NaN NaN NaN NaN
SR01VM04CTH01T02 6567 NaN NaN NaN NaN NaN NaN NaN NaN NaN NaN NaN NaN NaN NaN NaN
SR01VM04CTH01T03 6262 NaN NaN NaN NaN NaN NaN NaN NaN NaN NaN NaN NaN NaN NaN NaN
SR01VM04CTH01T04 6339 NaN NaN NaN NaN NaN NaN NaN NaN NaN NaN NaN NaN NaN NaN NaN
SR01VM04CTH01T05 6502 NaN NaN NaN NaN NaN NaN NaN NaN NaN NaN NaN NaN NaN NaN NaN
SR01VM04CTH01T06 6353 NaN NaN NaN NaN NaN NaN NaN NaN NaN NaN NaN NaN NaN NaN NaN
SR01VM04CTH01T07 6295 NaN NaN NaN NaN NaN NaN NaN NaN NaN NaN NaN NaN NaN NaN NaN
SR01VM04CTH01T08 6449 NaN NaN NaN NaN NaN NaN NaN NaN NaN NaN NaN NaN NaN NaN NaN
SR01VM04CTH01T09 6472 NaN NaN NaN NaN NaN NaN NaN NaN NaN NaN NaN NaN NaN NaN NaN
SR01VM04CTH01T10 6038 NaN NaN NaN NaN NaN NaN NaN NaN NaN NaN NaN NaN NaN NaN NaN
SR01VM04CTH02T01 3310 3480 NaN NaN NaN NaN NaN NaN NaN NaN NaN NaN NaN NaN NaN NaN
SR01VM04CTH02T02 4767 3168 NaN NaN NaN NaN NaN NaN NaN NaN NaN NaN NaN NaN NaN NaN
SR01VM04CTH02T03 3228 4148 NaN NaN NaN NaN NaN NaN NaN NaN NaN NaN NaN NaN NaN NaN
SR01VM04CTH02T04 4930 3330 NaN NaN NaN NaN NaN NaN NaN NaN NaN NaN NaN NaN NaN NaN
SR01VM04CTH02T05 3239 5449 NaN NaN NaN NaN NaN NaN NaN NaN NaN NaN NaN NaN NaN NaN
SR01VM04CTH02T06 4238 3146 NaN NaN NaN NaN NaN NaN NaN NaN NaN NaN NaN NaN NaN NaN
SR01VM04CTH02T07 3195 3430 NaN NaN NaN NaN NaN NaN NaN NaN NaN NaN NaN NaN NaN NaN
SR01VM04CTH02T08 3782 3160 NaN NaN NaN NaN NaN NaN NaN NaN NaN NaN NaN NaN NaN NaN
SR01VM04CTH02T09 3083 3148 NaN NaN NaN NaN NaN NaN NaN NaN NaN NaN NaN NaN NaN NaN
SR01VM04CTH02T10 3503 3282 NaN NaN NaN NaN NaN NaN NaN NaN NaN NaN NaN NaN NaN NaN
SR01VM04CTH04T01 1693 1736 1766 1990 NaN NaN NaN NaN NaN NaN NaN NaN NaN NaN NaN NaN
SR01VM04CTH04T02 1717 1723 1794 1670 NaN NaN NaN NaN NaN NaN NaN NaN NaN NaN NaN NaN
SR01VM04CTH04T03 1691 1635 1671 3488 NaN NaN NaN NaN NaN NaN NaN NaN NaN NaN NaN NaN
SR01VM04CTH04T04 2223 2256 1829 1636 NaN NaN NaN NaN NaN NaN NaN NaN NaN NaN NaN NaN
SR01VM04CTH04T05 1669 1634 1659 2394 NaN NaN NaN NaN NaN NaN NaN NaN NaN NaN NaN NaN
SR01VM04CTH04T06 2337 2218 2130 1688 NaN NaN NaN NaN NaN NaN NaN NaN NaN NaN NaN NaN
SR01VM04CTH04T07 1883 1577 1610 1587 NaN NaN NaN NaN NaN NaN NaN NaN NaN NaN NaN NaN
SR01VM04CTH04T08 2580 3010 3182 2803 NaN NaN NaN NaN NaN NaN NaN NaN NaN NaN NaN NaN
SR01VM04CTH04T09 2077 1591 1597 1625 NaN NaN NaN NaN NaN NaN NaN NaN NaN NaN NaN NaN
SR01VM04CTH04T10 1743 1764 1640 1622 NaN NaN NaN NaN NaN NaN NaN NaN NaN NaN NaN NaN
SR01VM04CTH08T01 984 1039 878 833 854 892 843 903 NaN NaN NaN NaN NaN NaN NaN NaN
SR01VM04CTH08T02 1289 940 864 889 918 968 829 823 NaN NaN NaN NaN NaN NaN NaN NaN
SR01VM04CTH08T03 999 842 925 880 882 849 892 869 NaN NaN NaN NaN NaN NaN NaN NaN
SR01VM04CTH08T04 891 1052 1084 1249 1225 1624 995 1129 NaN NaN NaN NaN NaN NaN NaN NaN
SR01VM04CTH08T05 868 860 963 864 905 883 1074 1717 NaN NaN NaN NaN NaN NaN NaN NaN
SR01VM04CTH08T06 1307 1103 874 1025 950 983 826 809 NaN NaN NaN NaN NaN NaN NaN NaN
SR01VM04CTH08T07 1579 1594 2204 920 825 841 883 828 NaN NaN NaN NaN NaN NaN NaN NaN
SR01VM04CTH08T08 797 810 1030 1005 855 1158 950 877 NaN NaN NaN NaN NaN NaN NaN NaN
SR01VM04CTH08T09 1421 1012 1020 904 827 864 890 853 NaN NaN NaN NaN NaN NaN NaN NaN
SR01VM04CTH08T10 941 949 966 1261 1502 1379 1978 1307 NaN NaN NaN NaN NaN NaN NaN NaN
SR01VM04CTH16T01 1478 790 756 1770 1748 892 437 439 431 438 431 448 521 454 433 450
SR01VM04CTH16T02 580 573 589 576 577 623 680 665 795 776 671 761 867 642 921 698
SR01VM04CTH16T03 1329 1271 1835 442 445 488 441 481 434 504 527 441 452 441 530 510
SR01VM04CTH16T04 412 434 425 474 529 481 497 1079 459 426 557 683 663 419 488 637
SR01VM04CTH16T05 502 490 530 474 441 429 453 481 440 545 452 444 445 502 484 530
SR01VM04CTH16T06 397 399 460 468 408 443 500 614 406 521 413 467 410 411 427 495
SR01VM04CTH16T07 436 451 656 434 446 1239 545 523 519 441 510 491 432 411 415 475
SR01VM04CTH16T08 632 623 633 646 622 667 645 632 678 687 624 627 645 669 622 619
SR01VM04CTH16T09 553 560 575 594 603 584 607 627 584 592 606 584 566 567 557 618
SR01VM04CTH16T10 439 420 430 454 418 424 657 463 559 1284 703 415 869 572 515 542
SW01VM04CTH01T01 5619 NaN NaN NaN NaN NaN NaN NaN NaN NaN NaN NaN NaN NaN NaN NaN
SW01VM04CTH01T02 5372 NaN NaN NaN NaN NaN NaN NaN NaN NaN NaN NaN NaN NaN NaN NaN
SW01VM04CTH01T03 5325 NaN NaN NaN NaN NaN NaN NaN NaN NaN NaN NaN NaN NaN NaN NaN
SW01VM04CTH01T04 5428 NaN NaN NaN NaN NaN NaN NaN NaN NaN NaN NaN NaN NaN NaN NaN
SW01VM04CTH01T05 5450 NaN NaN NaN NaN NaN NaN NaN NaN NaN NaN NaN NaN NaN NaN NaN
SW01VM04CTH01T06 5293 NaN NaN NaN NaN NaN NaN NaN NaN NaN NaN NaN NaN NaN NaN NaN
SW01VM04CTH01T07 5237 NaN NaN NaN NaN NaN NaN NaN NaN NaN NaN NaN NaN NaN NaN NaN
SW01VM04CTH01T08 5308 NaN NaN NaN NaN NaN NaN NaN NaN NaN NaN NaN NaN NaN NaN NaN
SW01VM04CTH01T09 5365 NaN NaN NaN NaN NaN NaN NaN NaN NaN NaN NaN NaN NaN NaN NaN
SW01VM04CTH01T10 5299 NaN NaN NaN NaN NaN NaN NaN NaN NaN NaN NaN NaN NaN NaN NaN
SW01VM04CTH02T01 940 940 NaN NaN NaN NaN NaN NaN NaN NaN NaN NaN NaN NaN NaN NaN
SW01VM04CTH02T02 966 966 NaN NaN NaN NaN NaN NaN NaN NaN NaN NaN NaN NaN NaN NaN
SW01VM04CTH02T03 1030 1030 NaN NaN NaN NaN NaN NaN NaN NaN NaN NaN NaN NaN NaN NaN
SW01VM04CTH02T04 1101 1101 NaN NaN NaN NaN NaN NaN NaN NaN NaN NaN NaN NaN NaN NaN
SW01VM04CTH02T05 1077 1076 NaN NaN NaN NaN NaN NaN NaN NaN NaN NaN NaN NaN NaN NaN
SW01VM04CTH02T06 1348 1349 NaN NaN NaN NaN NaN NaN NaN NaN NaN NaN NaN NaN NaN NaN
SW01VM04CTH02T07 1408 1407 NaN NaN NaN NaN NaN NaN NaN NaN NaN NaN NaN NaN NaN NaN
SW01VM04CTH02T08 1461 1461 NaN NaN NaN NaN NaN NaN NaN NaN NaN NaN NaN NaN NaN NaN
SW01VM04CTH02T09 1387 1388 NaN NaN NaN NaN NaN NaN NaN NaN NaN NaN NaN NaN NaN NaN
SW01VM04CTH02T10 1506 1506 NaN NaN NaN NaN NaN NaN NaN NaN NaN NaN NaN NaN NaN NaN
SW01VM04CTH04T01 3594 3547 3564 3542 NaN NaN NaN NaN NaN NaN NaN NaN NaN NaN NaN NaN
SW01VM04CTH04T02 3511 3506 3510 3510 NaN NaN NaN NaN NaN NaN NaN NaN NaN NaN NaN NaN
SW01VM04CTH04T03 3390 3390 3386 3384 NaN NaN NaN NaN NaN NaN NaN NaN NaN NaN NaN NaN
SW01VM04CTH04T04 3567 3568 3569 3572 NaN NaN NaN NaN NaN NaN NaN NaN NaN NaN NaN NaN
SW01VM04CTH04T05 3761 3758 3752 3758 NaN NaN NaN NaN NaN NaN NaN NaN NaN NaN NaN NaN
SW01VM04CTH04T06 3655 3662 3661 3665 NaN NaN NaN NaN NaN NaN NaN NaN NaN NaN NaN NaN
SW01VM04CTH04T07 3761 3749 3751 3747 NaN NaN NaN NaN NaN NaN NaN NaN NaN NaN NaN NaN
SW01VM04CTH04T08 3726 3725 3729 3731 NaN NaN NaN NaN NaN NaN NaN NaN NaN NaN NaN NaN
SW01VM04CTH04T09 3509 3502 3504 3498 NaN NaN NaN NaN NaN NaN NaN NaN NaN NaN NaN NaN
SW01VM04CTH04T10 3710 3714 3711 3712 NaN NaN NaN NaN NaN NaN NaN NaN NaN NaN NaN NaN
SW01VM04CTH08T01 1921 1921 1923 1922 1923 1923 1922 1925 NaN NaN NaN NaN NaN NaN NaN NaN
SW01VM04CTH08T02 1920 1917 1917 1917 1919 1921 1919 1923 NaN NaN NaN NaN NaN NaN NaN NaN
SW01VM04CTH08T03 1923 1922 1921 1923 1926 1921 1924 1923 NaN NaN NaN NaN NaN NaN NaN NaN
SW01VM04CTH08T04 1920 1913 1916 1915 1914 1913 1912 1914 NaN NaN NaN NaN NaN NaN NaN NaN
SW01VM04CTH08T05 1751 1744 1746 1744 1753 1746 1744 1747 NaN NaN NaN NaN NaN NaN NaN NaN
SW01VM04CTH08T06 1884 1882 1884 1883 1884 1887 1884 1881 NaN NaN NaN NaN NaN NaN NaN NaN
SW01VM04CTH08T07 1830 1827 1828 1828 1834 1830 1828 1828 NaN NaN NaN NaN NaN NaN NaN NaN
SW01VM04CTH08T08 1870 1869 1870 1870 1869 1872 1869 1869 NaN NaN NaN NaN NaN NaN NaN NaN
SW01VM04CTH08T09 1921 1861 1925 1921 1921 1925 1921 1861 NaN NaN NaN NaN NaN NaN NaN NaN
SW01VM04CTH08T10 1901 1905 1903 1904 1902 1906 1904 1905 NaN NaN NaN NaN NaN NaN NaN NaN
SW01VM04CTH16T01 859 859 857 858 858 857 858 859 859 859 857 857 857 859 857 858
SW01VM04CTH16T02 930 928 930 930 931 929 928 929 931 930 929 934 931 927 929 929
SW01VM04CTH16T03 864 863 863 862 863 863 863 863 864 863 863 864 865 865 865 863
SW01VM04CTH16T04 883 882 882 883 883 882 883 914 883 883 882 883 882 884 883 916
SW01VM04CTH16T05 939 911 910 911 913 913 911 911 912 912 912 911 910 911 911 912
SW01VM04CTH16T06 877 878 878 878 878 877 877 878 878 877 877 877 877 877 877 907
SW01VM04CTH16T07 930 901 900 899 899 898 899 899 931 900 900 899 899 899 899 899
SW01VM04CTH16T08 917 917 917 920 917 918 917 917 917 917 919 917 920 917 917 919
SW01VM04CTH16T09 877 876 869 878 868 867 869 869 868 869 868 868 868 868 875 877
SW01VM04CTH16T10 883 883 883 883 908 884 883 884 885 883 883 883 908 883 883 883
SR01VM08CTH01T01 6278 NaN NaN NaN NaN NaN NaN NaN NaN NaN NaN NaN NaN NaN NaN NaN
SR01VM08CTH01T02 6134 NaN NaN NaN NaN NaN NaN NaN NaN NaN NaN NaN NaN NaN NaN NaN
SR01VM08CTH01T03 6150 NaN NaN NaN NaN NaN NaN NaN NaN NaN NaN NaN NaN NaN NaN NaN
SR01VM08CTH01T04 6441 NaN NaN NaN NaN NaN NaN NaN NaN NaN NaN NaN NaN NaN NaN NaN
SR01VM08CTH01T05 6452 NaN NaN NaN NaN NaN NaN NaN NaN NaN NaN NaN NaN NaN NaN NaN
SR01VM08CTH01T06 6343 NaN NaN NaN NaN NaN NaN NaN NaN NaN NaN NaN NaN NaN NaN NaN
SR01VM08CTH01T07 6040 NaN NaN NaN NaN NaN NaN NaN NaN NaN NaN NaN NaN NaN NaN NaN
SR01VM08CTH01T08 6531 NaN NaN NaN NaN NaN NaN NaN NaN NaN NaN NaN NaN NaN NaN NaN
SR01VM08CTH01T09 6173 NaN NaN NaN NaN NaN NaN NaN NaN NaN NaN NaN NaN NaN NaN NaN
SR01VM08CTH01T10 6084 NaN NaN NaN NaN NaN NaN NaN NaN NaN NaN NaN NaN NaN NaN NaN
SR01VM08CTH02T01 5082 3142 NaN NaN NaN NaN NaN NaN NaN NaN NaN NaN NaN NaN NaN NaN
SR01VM08CTH02T02 3157 3719 NaN NaN NaN NaN NaN NaN NaN NaN NaN NaN NaN NaN NaN NaN
SR01VM08CTH02T03 3912 3262 NaN NaN NaN NaN NaN NaN NaN NaN NaN NaN NaN NaN NaN NaN
SR01VM08CTH02T04 3153 3855 NaN NaN NaN NaN NaN NaN NaN NaN NaN NaN NaN NaN NaN NaN
SR01VM08CTH02T05 4655 3319 NaN NaN NaN NaN NaN NaN NaN NaN NaN NaN NaN NaN NaN NaN
SR01VM08CTH02T06 3226 3233 NaN NaN NaN NaN NaN NaN NaN NaN NaN NaN NaN NaN NaN NaN
SR01VM08CTH02T07 3636 3316 NaN NaN NaN NaN NaN NaN NaN NaN NaN NaN NaN NaN NaN NaN
SR01VM08CTH02T08 3189 3636 NaN NaN NaN NaN NaN NaN NaN NaN NaN NaN NaN NaN NaN NaN
SR01VM08CTH02T09 4245 3123 NaN NaN NaN NaN NaN NaN NaN NaN NaN NaN NaN NaN NaN NaN
SR01VM08CTH02T10 3158 3143 NaN NaN NaN NaN NaN NaN NaN NaN NaN NaN NaN NaN NaN NaN
SR01VM08CTH04T01 1769 1768 1814 1684 NaN NaN NaN NaN NaN NaN NaN NaN NaN NaN NaN NaN
SR01VM08CTH04T02 3123 3231 3255 2676 NaN NaN NaN NaN NaN NaN NaN NaN NaN NaN NaN NaN
SR01VM08CTH04T03 1542 1494 1527 1755 NaN NaN NaN NaN NaN NaN NaN NaN NaN NaN NaN NaN
SR01VM08CTH04T04 1684 1671 1618 1652 NaN NaN NaN NaN NaN NaN NaN NaN NaN NaN NaN NaN
SR01VM08CTH04T05 1674 2171 2170 2373 NaN NaN NaN NaN NaN NaN NaN NaN NaN NaN NaN NaN
SR01VM08CTH04T06 3137 3208 3271 3110 NaN NaN NaN NaN NaN NaN NaN NaN NaN NaN NaN NaN
SR01VM08CTH04T07 1537 1554 1589 2084 NaN NaN NaN NaN NaN NaN NaN NaN NaN NaN NaN NaN
SR01VM08CTH04T08 2310 2681 2855 2992 NaN NaN NaN NaN NaN NaN NaN NaN NaN NaN NaN NaN
SR01VM08CTH04T09 1662 2254 2348 2166 NaN NaN NaN NaN NaN NaN NaN NaN NaN NaN NaN NaN
SR01VM08CTH04T10 1903 1663 1738 1640 NaN NaN NaN NaN NaN NaN NaN NaN NaN NaN NaN NaN
SR01VM08CTH08T01 914 776 803 911 813 1060 792 767 NaN NaN NaN NaN NaN NaN NaN NaN
SR01VM08CTH08T02 978 979 847 954 857 860 851 890 NaN NaN NaN NaN NaN NaN NaN NaN
SR01VM08CTH08T03 957 937 1530 2011 1237 1131 1184 1214 NaN NaN NaN NaN NaN NaN NaN NaN
SR01VM08CTH08T04 2178 1272 880 920 836 858 847 842 NaN NaN NaN NaN NaN NaN NaN NaN
SR01VM08CTH08T05 825 1189 1155 911 1261 950 1156 987 NaN NaN NaN NaN NaN NaN NaN NaN
SR01VM08CTH08T06 1014 952 1038 891 966 893 899 888 NaN NaN NaN NaN NaN NaN NaN NaN
SR01VM08CTH08T07 967 916 935 1705 1616 1254 1330 1243 NaN NaN NaN NaN NaN NaN NaN NaN
SR01VM08CTH08T08 2021 1394 889 949 863 871 890 894 NaN NaN NaN NaN NaN NaN NaN NaN
SR01VM08CTH08T09 798 872 879 1179 960 837 852 1187 NaN NaN NaN NaN NaN NaN NaN NaN
SR01VM08CTH08T10 939 909 927 837 881 860 836 847 NaN NaN NaN NaN NaN NaN NaN NaN
SR01VM08CTH16T01 652 680 672 681 670 714 710 725 723 681 709 658 661 669 675 1258
SR01VM08CTH16T02 584 582 585 584 606 643 604 621 594 605 612 592 587 624 615 566
SR01VM08CTH16T03 422 390 427 454 393 891 724 748 505 384 386 683 380 403 400 756
SR01VM08CTH16T04 536 550 576 738 784 736 726 733 728 674 466 486 483 486 507 3352
SR01VM08CTH16T05 423 436 437 431 476 436 447 421 420 821 988 1657 935 1047 857 1132
SR01VM08CTH16T06 574 594 584 609 596 611 591 617 618 591 588 589 590 584 594 589
SR01VM08CTH16T07 454 386 386 395 429 560 504 545 525 395 388 419 818 401 413 424
SR01VM08CTH16T08 730 1186 623 512 467 466 467 441 437 428 410 442 432 417 417 415
SR01VM08CTH16T09 447 421 427 441 439 465 431 432 426 493 885 1515 1262 1085 1018 911
SR01VM08CTH16T10 571 579 598 592 604 602 599 613 592 610 608 591 584 582 583 591
SW01VM08CTH01T01 5370 NaN NaN NaN NaN NaN NaN NaN NaN NaN NaN NaN NaN NaN NaN NaN
SW01VM08CTH01T02 5304 NaN NaN NaN NaN NaN NaN NaN NaN NaN NaN NaN NaN NaN NaN NaN
SW01VM08CTH01T03 5228 NaN NaN NaN NaN NaN NaN NaN NaN NaN NaN NaN NaN NaN NaN NaN
SW01VM08CTH01T04 5306 NaN NaN NaN NaN NaN NaN NaN NaN NaN NaN NaN NaN NaN NaN NaN
SW01VM08CTH01T05 5281 NaN NaN NaN NaN NaN NaN NaN NaN NaN NaN NaN NaN NaN NaN NaN
SW01VM08CTH01T06 5309 NaN NaN NaN NaN NaN NaN NaN NaN NaN NaN NaN NaN NaN NaN NaN
SW01VM08CTH01T07 5285 NaN NaN NaN NaN NaN NaN NaN NaN NaN NaN NaN NaN NaN NaN NaN
SW01VM08CTH01T08 5447 NaN NaN NaN NaN NaN NaN NaN NaN NaN NaN NaN NaN NaN NaN NaN
SW01VM08CTH01T09 5224 NaN NaN NaN NaN NaN NaN NaN NaN NaN NaN NaN NaN NaN NaN NaN
SW01VM08CTH01T10 5345 NaN NaN NaN NaN NaN NaN NaN NaN NaN NaN NaN NaN NaN NaN NaN
SW01VM08CTH02T01 5289 5295 NaN NaN NaN NaN NaN NaN NaN NaN NaN NaN NaN NaN NaN NaN
SW01VM08CTH02T02 5400 5397 NaN NaN NaN NaN NaN NaN NaN NaN NaN NaN NaN NaN NaN NaN
SW01VM08CTH02T03 5258 5250 NaN NaN NaN NaN NaN NaN NaN NaN NaN NaN NaN NaN NaN NaN
SW01VM08CTH02T04 5298 5293 NaN NaN NaN NaN NaN NaN NaN NaN NaN NaN NaN NaN NaN NaN
SW01VM08CTH02T05 866 866 NaN NaN NaN NaN NaN NaN NaN NaN NaN NaN NaN NaN NaN NaN
SW01VM08CTH02T06 5276 5276 NaN NaN NaN NaN NaN NaN NaN NaN NaN NaN NaN NaN NaN NaN
SW01VM08CTH02T07 5297 5283 NaN NaN NaN NaN NaN NaN NaN NaN NaN NaN NaN NaN NaN NaN
SW01VM08CTH02T08 5302 5301 NaN NaN NaN NaN NaN NaN NaN NaN NaN NaN NaN NaN NaN NaN
SW01VM08CTH02T09 5407 5408 NaN NaN NaN NaN NaN NaN NaN NaN NaN NaN NaN NaN NaN NaN
SW01VM08CTH02T10 5422 5414 NaN NaN NaN NaN NaN NaN NaN NaN NaN NaN NaN NaN NaN NaN
SW01VM08CTH04T01 3646 3646 3650 3639 NaN NaN NaN NaN NaN NaN NaN NaN NaN NaN NaN NaN
SW01VM08CTH04T02 3493 3498 3499 3492 NaN NaN NaN NaN NaN NaN NaN NaN NaN NaN NaN NaN
SW01VM08CTH04T03 3618 3616 3608 3617 NaN NaN NaN NaN NaN NaN NaN NaN NaN NaN NaN NaN
SW01VM08CTH04T04 3583 3588 3584 3584 NaN NaN NaN NaN NaN NaN NaN NaN NaN NaN NaN NaN
SW01VM08CTH04T05 3407 3406 3404 3410 NaN NaN NaN NaN NaN NaN NaN NaN NaN NaN NaN NaN
SW01VM08CTH04T06 3464 3474 3473 3461 NaN NaN NaN NaN NaN NaN NaN NaN NaN NaN NaN NaN
SW01VM08CTH04T07 3698 3703 3695 3688 NaN NaN NaN NaN NaN NaN NaN NaN NaN NaN NaN NaN
SW01VM08CTH04T08 3676 3678 3676 3676 NaN NaN NaN NaN NaN NaN NaN NaN NaN NaN NaN NaN
SW01VM08CTH04T09 3643 3640 3643 3641 NaN NaN NaN NaN NaN NaN NaN NaN NaN NaN NaN NaN
SW01VM08CTH04T10 3552 3534 3566 3532 NaN NaN NaN NaN NaN NaN NaN NaN NaN NaN NaN NaN
SW01VM08CTH08T01 1862 1861 1861 1860 1859 1858 1858 1860 NaN NaN NaN NaN NaN NaN NaN NaN
SW01VM08CTH08T02 1889 1890 1889 1889 1893 1891 1891 1889 NaN NaN NaN NaN NaN NaN NaN NaN
SW01VM08CTH08T03 1879 1877 1879 1879 1878 1878 1878 1878 NaN NaN NaN NaN NaN NaN NaN NaN
SW01VM08CTH08T04 1747 1746 1748 1748 1745 1750 1745 1746 NaN NaN NaN NaN NaN NaN NaN NaN
SW01VM08CTH08T05 1882 1881 1879 1845 1882 1881 1843 1881 NaN NaN NaN NaN NaN NaN NaN NaN
SW01VM08CTH08T06 1880 1879 1880 1879 1877 1879 1884 1878 NaN NaN NaN NaN NaN NaN NaN NaN
SW01VM08CTH08T07 1879 1881 1880 1881 1883 1883 1881 1881 NaN NaN NaN NaN NaN NaN NaN NaN
SW01VM08CTH08T08 1721 1721 1719 1719 1722 1720 1717 1720 NaN NaN NaN NaN NaN NaN NaN NaN
SW01VM08CTH08T09 1863 1865 1863 1862 1861 1863 1863 1861 NaN NaN NaN NaN NaN NaN NaN NaN
SW01VM08CTH08T10 1878 1881 1884 1878 1881 1878 1879 1880 NaN NaN NaN NaN NaN NaN NaN NaN
SW01VM08CTH16T01 915 915 915 914 914 916 915 915 914 915 914 915 914 915 914 914
SW01VM08CTH16T02 843 840 844 842 844 873 840 843 840 844 843 860 844 842 842 842
SW01VM08CTH16T03 875 875 874 904 875 875 875 876 875 876 875 909 875 875 875 875
SW01VM08CTH16T04 910 909 925 910 943 910 910 910 910 911 910 910 910 910 910 910
SW01VM08CTH16T05 903 904 904 905 904 906 904 905 904 905 904 905 904 904 905 905
SW01VM08CTH16T06 862 862 862 861 863 863 862 862 862 862 862 862 861 864 862 863
SW01VM08CTH16T07 896 895 895 896 924 896 896 895 897 895 898 896 926 895 896 896
SW01VM08CTH16T08 917 917 954 916 917 917 918 917 918 918 918 918 918 920 917 918
SW01VM08CTH16T09 890 921 891 889 890 889 889 890 891 889 889 890 890 889 889 889
SW01VM08CTH16T10 857 857 857 857 858 857 857 856 857 858 857 857 858 857 857 857
SR01VM16CTH01T01 6132 NaN NaN NaN NaN NaN NaN NaN NaN NaN NaN NaN NaN NaN NaN NaN
SR01VM16CTH01T02 6152 NaN NaN NaN NaN NaN NaN NaN NaN NaN NaN NaN NaN NaN NaN NaN
SR01VM16CTH01T03 6376 NaN NaN NaN NaN NaN NaN NaN NaN NaN NaN NaN NaN NaN NaN NaN
SR01VM16CTH01T04 6470 NaN NaN NaN NaN NaN NaN NaN NaN NaN NaN NaN NaN NaN NaN NaN
SR01VM16CTH01T05 6261 NaN NaN NaN NaN NaN NaN NaN NaN NaN NaN NaN NaN NaN NaN NaN
SR01VM16CTH01T06 6076 NaN NaN NaN NaN NaN NaN NaN NaN NaN NaN NaN NaN NaN NaN NaN
SR01VM16CTH01T07 6409 NaN NaN NaN NaN NaN NaN NaN NaN NaN NaN NaN NaN NaN NaN NaN
SR01VM16CTH01T08 6570 NaN NaN NaN NaN NaN NaN NaN NaN NaN NaN NaN NaN NaN NaN NaN
SR01VM16CTH01T09 6179 NaN NaN NaN NaN NaN NaN NaN NaN NaN NaN NaN NaN NaN NaN NaN
SR01VM16CTH01T10 6445 NaN NaN NaN NaN NaN NaN NaN NaN NaN NaN NaN NaN NaN NaN NaN
SR01VM16CTH02T01 3061 3792 NaN NaN NaN NaN NaN NaN NaN NaN NaN NaN NaN NaN NaN NaN
SR01VM16CTH02T02 4297 3218 NaN NaN NaN NaN NaN NaN NaN NaN NaN NaN NaN NaN NaN NaN
SR01VM16CTH02T03 3206 3209 NaN NaN NaN NaN NaN NaN NaN NaN NaN NaN NaN NaN NaN NaN
SR01VM16CTH02T04 4022 3330 NaN NaN NaN NaN NaN NaN NaN NaN NaN NaN NaN NaN NaN NaN
SR01VM16CTH02T05 3132 4304 NaN NaN NaN NaN NaN NaN NaN NaN NaN NaN NaN NaN NaN NaN
SR01VM16CTH02T06 4948 3217 NaN NaN NaN NaN NaN NaN NaN NaN NaN NaN NaN NaN NaN NaN
SR01VM16CTH02T07 4250 3195 NaN NaN NaN NaN NaN NaN NaN NaN NaN NaN NaN NaN NaN NaN
SR01VM16CTH02T08 3089 5126 NaN NaN NaN NaN NaN NaN NaN NaN NaN NaN NaN NaN NaN NaN
SR01VM16CTH02T09 3278 3096 NaN NaN NaN NaN NaN NaN NaN NaN NaN NaN NaN NaN NaN NaN
SR01VM16CTH02T10 3214 5577 NaN NaN NaN NaN NaN NaN NaN NaN NaN NaN NaN NaN NaN NaN
SR01VM16CTH04T01 1939 2161 2311 2185 NaN NaN NaN NaN NaN NaN NaN NaN NaN NaN NaN NaN
SR01VM16CTH04T02 1628 2342 2103 2544 NaN NaN NaN NaN NaN NaN NaN NaN NaN NaN NaN NaN
SR01VM16CTH04T03 1684 1642 1881 1714 NaN NaN NaN NaN NaN NaN NaN NaN NaN NaN NaN NaN
SR01VM16CTH04T04 1679 1799 1845 1481 NaN NaN NaN NaN NaN NaN NaN NaN NaN NaN NaN NaN
SR01VM16CTH04T05 1676 1672 1636 1759 NaN NaN NaN NaN NaN NaN NaN NaN NaN NaN NaN NaN
SR01VM16CTH04T06 1628 2325 2097 2209 NaN NaN NaN NaN NaN NaN NaN NaN NaN NaN NaN NaN
SR01VM16CTH04T07 2975 1802 1669 1646 NaN NaN NaN NaN NaN NaN NaN NaN NaN NaN NaN NaN
SR01VM16CTH04T08 1641 1647 2305 4393 NaN NaN NaN NaN NaN NaN NaN NaN NaN NaN NaN NaN
SR01VM16CTH04T09 3118 2402 1864 1822 NaN NaN NaN NaN NaN NaN NaN NaN NaN NaN NaN NaN
SR01VM16CTH04T10 1594 1861 2591 2829 NaN NaN NaN NaN NaN NaN NaN NaN NaN NaN NaN NaN
SR01VM16CTH08T01 2287 2092 796 894 789 791 824 851 NaN NaN NaN NaN NaN NaN NaN NaN
SR01VM16CTH08T02 787 1065 923 877 1626 989 966 841 NaN NaN NaN NaN NaN NaN NaN NaN
SR01VM16CTH08T03 927 1010 947 822 837 846 843 823 NaN NaN NaN NaN NaN NaN NaN NaN
SR01VM16CTH08T04 875 866 1016 1483 1282 1691 1234 1921 NaN NaN NaN NaN NaN NaN NaN NaN
SR01VM16CTH08T05 2021 881 922 872 846 897 997 841 NaN NaN NaN NaN NaN NaN NaN NaN
SR01VM16CTH08T06 1016 1025 1084 1070 1096 1015 1159 1112 NaN NaN NaN NaN NaN NaN NaN NaN
SR01VM16CTH08T07 1380 1328 1216 1579 1074 914 842 844 NaN NaN NaN NaN NaN NaN NaN NaN
SR01VM16CTH08T08 828 879 822 833 1126 1162 1284 1502 NaN NaN NaN NaN NaN NaN NaN NaN
SR01VM16CTH08T09 1169 1311 1600 853 802 871 792 799 NaN NaN NaN NaN NaN NaN NaN NaN
SR01VM16CTH08T10 839 820 843 978 853 825 2014 2169 NaN NaN NaN NaN NaN NaN NaN NaN
SR01VM16CTH16T01 857 670 962 481 462 459 409 504 514 465 416 434 427 413 415 484
SR01VM16CTH16T02 433 423 446 467 486 424 432 424 419 763 710 934 2903 805 1274 799
SR01VM16CTH16T03 844 950 915 1131 917 985 636 427 435 491 454 441 427 433 464 430
SR01VM16CTH16T04 416 1005 423 414 441 533 563 487 715 1057 617 683 726 591 819 461
SR01VM16CTH16T05 1817 1407 450 446 455 481 496 493 437 413 428 443 413 430 429 419
SR01VM16CTH16T06 464 430 447 435 530 544 529 536 522 487 522 521 471 435 434 3188
SR01VM16CTH16T07 612 1097 464 682 703 736 720 549 569 1404 426 476 423 431 438 447
SR01VM16CTH16T08 480 509 522 531 536 526 541 554 537 524 582 543 491 492 483 712
SR01VM16CTH16T09 503 497 500 532 520 552 544 544 608 558 529 516 498 494 495 5325
SR01VM16CTH16T10 416 419 409 413 439 464 463 420 411 428 411 474 736 1042 844 875
SW01VM16CTH01T01 5308 NaN NaN NaN NaN NaN NaN NaN NaN NaN NaN NaN NaN NaN NaN NaN
SW01VM16CTH01T02 5214 NaN NaN NaN NaN NaN NaN NaN NaN NaN NaN NaN NaN NaN NaN NaN
SW01VM16CTH01T03 5488 NaN NaN NaN NaN NaN NaN NaN NaN NaN NaN NaN NaN NaN NaN NaN
SW01VM16CTH01T04 5480 NaN NaN NaN NaN NaN NaN NaN NaN NaN NaN NaN NaN NaN NaN NaN
SW01VM16CTH01T05 5454 NaN NaN NaN NaN NaN NaN NaN NaN NaN NaN NaN NaN NaN NaN NaN
SW01VM16CTH01T06 4969 NaN NaN NaN NaN NaN NaN NaN NaN NaN NaN NaN NaN NaN NaN NaN
SW01VM16CTH01T07 5440 NaN NaN NaN NaN NaN NaN NaN NaN NaN NaN NaN NaN NaN NaN NaN
SW01VM16CTH01T08 5469 NaN NaN NaN NaN NaN NaN NaN NaN NaN NaN NaN NaN NaN NaN NaN
SW01VM16CTH01T09 5288 NaN NaN NaN NaN NaN NaN NaN NaN NaN NaN NaN NaN NaN NaN NaN
SW01VM16CTH01T10 5450 NaN NaN NaN NaN NaN NaN NaN NaN NaN NaN NaN NaN NaN NaN NaN
SW01VM16CTH02T01 1873 1874 NaN NaN NaN NaN NaN NaN NaN NaN NaN NaN NaN NaN NaN NaN
SW01VM16CTH02T02 5254 5255 NaN NaN NaN NaN NaN NaN NaN NaN NaN NaN NaN NaN NaN NaN
SW01VM16CTH02T03 5296 5281 NaN NaN NaN NaN NaN NaN NaN NaN NaN NaN NaN NaN NaN NaN
SW01VM16CTH02T04 5075 5079 NaN NaN NaN NaN NaN NaN NaN NaN NaN NaN NaN NaN NaN NaN
SW01VM16CTH02T05 1297 1296 NaN NaN NaN NaN NaN NaN NaN NaN NaN NaN NaN NaN NaN NaN
SW01VM16CTH02T06 5226 5234 NaN NaN NaN NaN NaN NaN NaN NaN NaN NaN NaN NaN NaN NaN
SW01VM16CTH02T07 5177 5173 NaN NaN NaN NaN NaN NaN NaN NaN NaN NaN NaN NaN NaN NaN
SW01VM16CTH02T08 5274 5265 NaN NaN NaN NaN NaN NaN NaN NaN NaN NaN NaN NaN NaN NaN
SW01VM16CTH02T09 5073 5073 NaN NaN NaN NaN NaN NaN NaN NaN NaN NaN NaN NaN NaN NaN
SW01VM16CTH02T10 5244 5249 NaN NaN NaN NaN NaN NaN NaN NaN NaN NaN NaN NaN NaN NaN
SW01VM16CTH04T01 3555 3551 3554 3552 NaN NaN NaN NaN NaN NaN NaN NaN NaN NaN NaN NaN
SW01VM16CTH04T02 3599 3595 3579 3596 NaN NaN NaN NaN NaN NaN NaN NaN NaN NaN NaN NaN
SW01VM16CTH04T03 3389 3390 3390 3394 NaN NaN NaN NaN NaN NaN NaN NaN NaN NaN NaN NaN
SW01VM16CTH04T04 3619 3621 3619 3624 NaN NaN NaN NaN NaN NaN NaN NaN NaN NaN NaN NaN
SW01VM16CTH04T05 3459 3459 3458 3465 NaN NaN NaN NaN NaN NaN NaN NaN NaN NaN NaN NaN
SW01VM16CTH04T06 3587 3588 3589 3588 NaN NaN NaN NaN NaN NaN NaN NaN NaN NaN NaN NaN
SW01VM16CTH04T07 3609 3608 3612 3619 NaN NaN NaN NaN NaN NaN NaN NaN NaN NaN NaN NaN
SW01VM16CTH04T08 3624 3620 3625 3630 NaN NaN NaN NaN NaN NaN NaN NaN NaN NaN NaN NaN
SW01VM16CTH04T09 3270 3271 3273 3265 NaN NaN NaN NaN NaN NaN NaN NaN NaN NaN NaN NaN
SW01VM16CTH04T10 3332 3340 3328 3333 NaN NaN NaN NaN NaN NaN NaN NaN NaN NaN NaN NaN
SW01VM16CTH08T01 1645 1644 1646 1645 1643 1645 1645 1644 NaN NaN NaN NaN NaN NaN NaN NaN
SW01VM16CTH08T02 1812 1816 1809 1813 1813 1812 1812 1814 NaN NaN NaN NaN NaN NaN NaN NaN
SW01VM16CTH08T03 1876 1875 1873 1878 1874 1875 1874 1877 NaN NaN NaN NaN NaN NaN NaN NaN
SW01VM16CTH08T04 1885 1885 1888 1885 1887 1885 1886 1885 NaN NaN NaN NaN NaN NaN NaN NaN
SW01VM16CTH08T05 1607 1608 1607 1608 1608 1608 1607 1608 NaN NaN NaN NaN NaN NaN NaN NaN
SW01VM16CTH08T06 1854 1853 1855 1855 1855 1852 1854 1855 NaN NaN NaN NaN NaN NaN NaN NaN
SW01VM16CTH08T07 1732 1731 1730 1731 1731 1734 1729 1729 NaN NaN NaN NaN NaN NaN NaN NaN
SW01VM16CTH08T08 1680 1682 1681 1681 1680 1681 1684 1683 NaN NaN NaN NaN NaN NaN NaN NaN
SW01VM16CTH08T09 1848 1847 1852 1848 1847 1848 1850 1848 NaN NaN NaN NaN NaN NaN NaN NaN
SW01VM16CTH08T10 1869 1871 1871 1870 1869 1871 1875 1873 NaN NaN NaN NaN NaN NaN NaN NaN
SW01VM16CTH16T01 893 889 905 891 891 889 892 892 892 891 924 891 892 891 889 892
SW01VM16CTH16T02 883 926 883 883 882 884 884 883 882 882 883 882 884 882 883 882
SW01VM16CTH16T03 794 794 793 793 794 794 794 793 794 795 794 793 794 793 794 793
SW01VM16CTH16T04 859 848 859 847 847 860 860 859 859 834 856 890 860 860 872 834
SW01VM16CTH16T05 886 916 885 885 885 885 885 886 885 885 886 885 884 885 885 886
SW01VM16CTH16T06 739 739 738 739 739 739 739 739 738 738 739 763 739 739 739 739
SW01VM16CTH16T07 897 933 897 897 898 897 898 897 897 897 897 897 897 897 897 897
SW01VM16CTH16T08 914 887 887 888 887 888 887 887 915 887 888 887 887 888 887 890
SW01VM16CTH16T09 859 858 858 858 858 861 859 858 857 859 859 857 858 860 892 858
SW01VM16CTH16T10 759 759 759 758 759 758 758 758 758 758 784 759 758 759 758 758
SR02VM01CTH01T01 3040 3087 NaN NaN NaN NaN NaN NaN NaN NaN NaN NaN NaN NaN NaN NaN
SR02VM01CTH01T02 3120 3086 NaN NaN NaN NaN NaN NaN NaN NaN NaN NaN NaN NaN NaN NaN
SR02VM01CTH01T03 3141 3063 NaN NaN NaN NaN NaN NaN NaN NaN NaN NaN NaN NaN NaN NaN
SR02VM01CTH01T04 3116 3053 NaN NaN NaN NaN NaN NaN NaN NaN NaN NaN NaN NaN NaN NaN
SR02VM01CTH01T05 3002 3076 NaN NaN NaN NaN NaN NaN NaN NaN NaN NaN NaN NaN NaN NaN
SR02VM01CTH01T06 3063 3044 NaN NaN NaN NaN NaN NaN NaN NaN NaN NaN NaN NaN NaN NaN
SR02VM01CTH01T07 3085 3076 NaN NaN NaN NaN NaN NaN NaN NaN NaN NaN NaN NaN NaN NaN
SR02VM01CTH01T08 2916 2859 NaN NaN NaN NaN NaN NaN NaN NaN NaN NaN NaN NaN NaN NaN
SR02VM01CTH01T09 3170 3237 NaN NaN NaN NaN NaN NaN NaN NaN NaN NaN NaN NaN NaN NaN
SR02VM01CTH01T10 2876 2902 NaN NaN NaN NaN NaN NaN NaN NaN NaN NaN NaN NaN NaN NaN
SW02VM01CTH01T01 2806 2816 NaN NaN NaN NaN NaN NaN NaN NaN NaN NaN NaN NaN NaN NaN
SW02VM01CTH01T02 2821 2832 NaN NaN NaN NaN NaN NaN NaN NaN NaN NaN NaN NaN NaN NaN
SW02VM01CTH01T03 2738 2748 NaN NaN NaN NaN NaN NaN NaN NaN NaN NaN NaN NaN NaN NaN
SW02VM01CTH01T04 2703 2714 NaN NaN NaN NaN NaN NaN NaN NaN NaN NaN NaN NaN NaN NaN
SW02VM01CTH01T05 2815 2826 NaN NaN NaN NaN NaN NaN NaN NaN NaN NaN NaN NaN NaN NaN
SW02VM01CTH01T06 2662 2675 NaN NaN NaN NaN NaN NaN NaN NaN NaN NaN NaN NaN NaN NaN
SW02VM01CTH01T07 2707 2640 NaN NaN NaN NaN NaN NaN NaN NaN NaN NaN NaN NaN NaN NaN
SW02VM01CTH01T08 2649 2586 NaN NaN NaN NaN NaN NaN NaN NaN NaN NaN NaN NaN NaN NaN
SW02VM01CTH01T09 2574 2564 NaN NaN NaN NaN NaN NaN NaN NaN NaN NaN NaN NaN NaN NaN
SW02VM01CTH01T10 2658 2593 NaN NaN NaN NaN NaN NaN NaN NaN NaN NaN NaN NaN NaN NaN
SR04VM01CTH01T01 1489 1483 1462 1467 NaN NaN NaN NaN NaN NaN NaN NaN NaN NaN NaN NaN
SR04VM01CTH01T02 1573 1587 1589 1604 NaN NaN NaN NaN NaN NaN NaN NaN NaN NaN NaN NaN
SR04VM01CTH01T03 1572 1567 1591 1572 NaN NaN NaN NaN NaN NaN NaN NaN NaN NaN NaN NaN
SR04VM01CTH01T04 1574 1565 1591 1551 NaN NaN NaN NaN NaN NaN NaN NaN NaN NaN NaN NaN
SR04VM01CTH01T05 1531 1516 1530 1546 NaN NaN NaN NaN NaN NaN NaN NaN NaN NaN NaN NaN
SR04VM01CTH01T06 1508 1502 1444 1477 NaN NaN NaN NaN NaN NaN NaN NaN NaN NaN NaN NaN
SR04VM01CTH01T07 1509 1514 1535 1547 NaN NaN NaN NaN NaN NaN NaN NaN NaN NaN NaN NaN
SR04VM01CTH01T08 1517 1524 1556 1536 NaN NaN NaN NaN NaN NaN NaN NaN NaN NaN NaN NaN
SR04VM01CTH01T09 1529 1492 1550 1528 NaN NaN NaN NaN NaN NaN NaN NaN NaN NaN NaN NaN
SR04VM01CTH01T10 1489 1514 1497 1501 NaN NaN NaN NaN NaN NaN NaN NaN NaN NaN NaN NaN
SW04VM01CTH01T01 1361 1393 1357 1357 NaN NaN NaN NaN NaN NaN NaN NaN NaN NaN NaN NaN
SW04VM01CTH01T02 1344 1365 1344 1353 NaN NaN NaN NaN NaN NaN NaN NaN NaN NaN NaN NaN
SW04VM01CTH01T03 1346 1374 1339 1339 NaN NaN NaN NaN NaN NaN NaN NaN NaN NaN NaN NaN
SW04VM01CTH01T04 1323 1356 1318 1317 NaN NaN NaN NaN NaN NaN NaN NaN NaN NaN NaN NaN
SW04VM01CTH01T05 1340 1371 1335 1335 NaN NaN NaN NaN NaN NaN NaN NaN NaN NaN NaN NaN
SW04VM01CTH01T06 1282 1308 1282 1280 NaN NaN NaN NaN NaN NaN NaN NaN NaN NaN NaN NaN
SW04VM01CTH01T07 1266 1294 1263 1263 NaN NaN NaN NaN NaN NaN NaN NaN NaN NaN NaN NaN
SW04VM01CTH01T08 1285 1293 1297 1283 NaN NaN NaN NaN NaN NaN NaN NaN NaN NaN NaN NaN
SW04VM01CTH01T09 1260 1285 1256 1256 NaN NaN NaN NaN NaN NaN NaN NaN NaN NaN NaN NaN
SW04VM01CTH01T10 1275 1301 1272 1272 NaN NaN NaN NaN NaN NaN NaN NaN NaN NaN NaN NaN
SR08VM01CTH01T01 692 689 697 690 673 678 695 692 NaN NaN NaN NaN NaN NaN NaN NaN
SR08VM01CTH01T02 747 731 748 740 744 738 717 751 NaN NaN NaN NaN NaN NaN NaN NaN
SR08VM01CTH01T03 735 733 726 726 733 734 715 725 NaN NaN NaN NaN NaN NaN NaN NaN
SR08VM01CTH01T04 726 729 724 724 726 726 732 707 NaN NaN NaN NaN NaN NaN NaN NaN
SR08VM01CTH01T05 709 713 698 707 717 705 715 721 NaN NaN NaN NaN NaN NaN NaN NaN
SR08VM01CTH01T06 721 716 716 725 719 718 724 687 NaN NaN NaN NaN NaN NaN NaN NaN
SR08VM01CTH01T07 670 710 710 714 699 707 700 716 NaN NaN NaN NaN NaN NaN NaN NaN
SR08VM01CTH01T08 728 719 719 720 714 714 728 713 NaN NaN NaN NaN NaN NaN NaN NaN
SR08VM01CTH01T09 693 702 702 708 686 683 708 681 NaN NaN NaN NaN NaN NaN NaN NaN
SR08VM01CTH01T10 689 687 672 688 686 669 690 687 NaN NaN NaN NaN NaN NaN NaN NaN
SW08VM01CTH01T01 651 669 670 652 652 657 659 662 NaN NaN NaN NaN NaN NaN NaN NaN
SW08VM01CTH01T02 641 661 663 642 645 641 648 651 NaN NaN NaN NaN NaN NaN NaN NaN
SW08VM01CTH01T03 674 643 643 645 648 643 657 662 NaN NaN NaN NaN NaN NaN NaN NaN
SW08VM01CTH01T04 661 662 661 646 645 645 645 656 NaN NaN NaN NaN NaN NaN NaN NaN
SW08VM01CTH01T05 639 625 638 626 627 629 630 634 NaN NaN NaN NaN NaN NaN NaN NaN
SW08VM01CTH01T06 635 632 633 619 619 621 618 631 NaN NaN NaN NaN NaN NaN NaN NaN
SW08VM01CTH01T07 619 645 618 619 622 623 627 632 NaN NaN NaN NaN NaN NaN NaN NaN
SW08VM01CTH01T08 626 625 626 617 618 619 619 622 NaN NaN NaN NaN NaN NaN NaN NaN
SW08VM01CTH01T09 611 613 610 602 602 603 604 606 NaN NaN NaN NaN NaN NaN NaN NaN
SW08VM01CTH01T10 619 619 618 609 608 608 612 615 NaN NaN NaN NaN NaN NaN NaN NaN
SR16VM01CTH01T01 220 220 220 221 218 221 219 221 213 218 222 219 222 221 221 219
SR16VM01CTH01T02 220 220 218 220 219 220 218 221 216 215 221 214 221 220 216 218
SR16VM01CTH01T03 217 222 218 219 218 221 220 218 222 220 217 221 221 220 211 215
SR16VM01CTH01T04 217 216 220 219 218 215 214 217 216 216 213 216 215 216 218 209
SR16VM01CTH01T05 215 213 215 212 219 218 218 216 214 213 216 216 217 216 215 215
SR16VM01CTH01T06 213 211 211 213 212 215 213 205 211 212 215 211 214 216 214 210
SR16VM01CTH01T07 212 212 208 211 211 212 211 208 207 209 210 211 209 207 204 212
SR16VM01CTH01T08 213 211 212 214 215 215 214 214 215 214 195 213 210 211 215 207
SR16VM01CTH01T09 215 216 213 217 215 216 216 215 213 215 208 214 212 214 217 212
SR16VM01CTH01T10 212 212 213 212 211 211 213 213 211 211 210 211 211 211 212 211
SW16VM01CTH01T01 235 235 235 236 241 235 235 243 235 235 249 235 235 236 235 235
SW16VM01CTH01T02 238 238 238 239 242 238 240 242 238 238 248 251 238 238 238 240
SW16VM01CTH01T03 237 237 237 237 240 236 238 243 237 237 237 257 237 237 236 238
SW16VM01CTH01T04 231 231 231 231 231 250 231 233 233 231 231 231 231 232 235 231
SW16VM01CTH01T05 226 226 226 226 226 227 230 227 230 226 228 233 229 226 228 226
SW16VM01CTH01T06 220 220 220 221 221 223 220 222 221 224 220 222 238 220 220 220
SW16VM01CTH01T07 222 222 222 222 222 222 252 223 222 222 222 232 227 222 222 226
SW16VM01CTH01T08 219 219 219 219 226 220 223 220 219 220 223 225 219 220 219 219
SW16VM01CTH01T09 224 225 225 225 225 225 225 225 225 225 225 236 228 224 226 230
SW16VM01CTH01T10 250 218 218 218 217 218 218 218 218 224 218 218 225 219 222 217
